500.000000
500.000000
500.000000
500.000000
500.000000
660000.000000
500.000000
500.000000
500.000000
500.000000
500.000000
500.000000
500.000000
500.000000
500.000000
500.000000
500.000000
500.000000
500.000000
500.000000
500.000000
500.000000
500.000000
500.000000
500.000000
500.000000
500.000000
500.000000
500.000000
500.000000
500.000000
500.000000
500.000000
500.000000
500.000000
500.000000
500.000000
500.000000
500.000000
500.000000
500.000000
500.000000
500.000000
500.000000
500.000000
500.000000
500.000000
500.000000
500.000000
500.000000
500.000000
500.000000
500.000000
500.000000
500.000000
500.000000
500.000000
500.000000
500.000000
500.000000
500.000000
500.000000
500.000000
500.000000
500.000000
500.000000
500.000000
500.000000
500.000000
500.000000
500.000000
500.000000
500.000000
500.000000
500.000000
500.000000
500.000000
500.000000
500.000000
500.000000
500.000000
500.000000
500.000000
500.000000
500.000000
500.000000
500.000000
500.000000
500.000000
500.000000
500.000000
500.000000
500.000000
-255.000000
500.000000
500.000000
500.000000
500.000000
500.000000
500.000000
500.000000
500.000000
-2363.000000
-1882.000000
-118.000000
-838.000000
-70.000000
500.000000
500.000000
468.000000
490.000000
500.000000
508.000000
500.000000
675840.000000
500.000000
596640.000000
500.000000
488.000000
